Model Metrics
MAE: 359.8645791666689
MSE: 150585.99058366133
EVS: -2.220446049250313e-16
