Model Metrics
MAE: 113.08979374999763
MSE: 12789.301465675791
EVS: 0.0
